Fusion index,Description,Config,Name,OpType,Count,Bounded-by,Execution time,Compute time,Memory time,ICI/NVLink time,ICI/NVLink outbound traffic,ICI/NVLink inbound traffic,Aggregated DCN time,DCN 0 time,PCIe time,Temporary memory size,Persistent memory size,MXU time,VPU time,Transpose time,Permute time,Bytes accessed,Input Tensor Shapes,Output Tensor Shapes,FLOP Count,Op Name,Op Code,Weight Size,Output Shape,parsed_op_type,dim_labels,tile_shapes,num_tiles,max_vmem_demand_bytes,num_mxu_ops,einsum_B_size,einsum_M_size,einsum_N_size,einsum_K_size,vu_softmax_time_ns,Compute Time (ns),Bytes Accessed,DVFS SA Policy,DVFS SA Voltage (V),DVFS SA Frequency (GHz),DVFS VU Policy,DVFS VU Voltage (V),DVFS VU Frequency (GHz),DVFS SRAM Policy,DVFS SRAM Voltage (V),DVFS SRAM Frequency (GHz),DVFS HBM Policy,DVFS HBM Voltage (V),DVFS HBM Frequency (GHz),DVFS ICI Policy,DVFS ICI Voltage (V),DVFS ICI Frequency (GHz),Vmem time,static_energy_sa_J,static_energy_vu_J,static_energy_sram_J,static_energy_hbm_J,static_energy_ici_J,static_energy_other_J,dynamic_energy_sa_J,dynamic_energy_vu_J,dynamic_energy_sram_J,dynamic_energy_hbm_J,dynamic_energy_ici_J,dynamic_energy_other_J,static_energy_J,dynamic_energy_J,total_energy_J,static_power_W,dynamic_power_W,total_power_W,num_setpm_sa,num_setpm_vu,num_setpm_sram,num_setpm_hbm,num_setpm_ici,tflops_per_sec,hbm_bw_GBps,flops_util,hbm_bw_util,DVFS SA Scaling Time (ns),DVFS SA Power Efficiency (%),DVFS VU Scaling Time (ns),DVFS VU Power Efficiency (%),DVFS SRAM Scaling Time (ns),DVFS SRAM Power Efficiency (%),DVFS HBM Scaling Time (ns),DVFS HBM Power Efficiency (%),DVFS ICI Scaling Time (ns),DVFS ICI Power Efficiency (%),DVFS SA Activity Factor,DVFS VU Activity Factor,DVFS SRAM Activity Factor,DVFS HBM Activity Factor,DVFS ICI Activity Factor
2,PrefillReceiveInputFromPipelineICI,"InterChipCommInput([4, 2048, 1280])",PrefillReceiveInputFromPipelineICIreceiveInputICITransfer10485760,ICINoCompute,1,ICI/NVLink,104858,0,7064,104858,0,20971520,0,0,0,0,0,0,0,0,0,20971520,"DT_BFLOAT16:[4,2048,1280]","[DT_BFLOAT16:(4,2048,1280)]",0,PrefillReceiveInputFromPipelineICIreceiveInputICITransfer10485760,InterChipXferInput,0,[],InterChipCommInput,,,,,0,,,,,0,0,20971520,None,0.0,0.0,None,0.0,0.0,None,0.0,0.0,None,0.0,0.0,None,0.0,0.0,0,0,0,0,0,0,0,0,0,0,0,0,0,0,0,0,0.0,0.0,0.0,0,0,0,0,0,0.0,186.26380438307044,0.0,0.06736484787814483,20,100.0,20,100.0,20,100.0,20,100.0,20,100.0,1.0,1.0,1.0,1.0,1.0
3,Fwd-Attention-encoder-Input_rmsnorm,"RMSNorm(x=4x2048x1280,memory_placements=0_0,type=DT_BFLOAT16)",FwdAttentionencoderInputrmsnormXnormRMSNormX,VPU,15,Memory,14128,6024,14128,0,0,0,0,0,0,0,0,0,6024,0,0,41943040,"DT_BFLOAT16:[4,2048,1280]","[DT_BFLOAT16:(4,2048,1280)]",62914560,FwdAttentionencoderInputrmsnormXnormRMSNormX,RMSNorm,0,[],RMSNorm,,,,,0,,,,,0,6024,41943040,None,0.0,0.0,None,0.0,0.0,None,0.0,0.0,None,0.0,0.0,None,0.0,0.0,2441,0,0,0,0,0,0,0,0,0,0,0,0,0,0,0,0.0,0.0,0.0,0,0,0,0,0,4.453182332955832,2764.8994903737257,0.4263540070614881,0.9999636493214198,20,100.0,20,100.0,20,100.0,20,100.0,20,100.0,1.0,1.0,1.0,1.0,1.0
4,AllGatherMHA-4,AllGather(4x2048x5120->4x2048x20480),AllGatherMHA4AllGather,ICINoCompute,60,ICI/NVLink,1258292,0,339060,1258292,503316480,503316480,0,0,0,0,0,0,0,0,0,1006632960,"DT_BFLOAT16:[4,2048,5120]","[DT_BFLOAT16:(4,2048,20480)]",0,AllGatherMHA4AllGather,AllGather,0,[],AllGather,,,,,0,,,,,0,0,1006632960,None,0.0,0.0,None,0.0,0.0,None,0.0,0.0,None,0.0,0.0,None,0.0,0.0,0,0,0,0,0,0,0,0,0,0,0,0,0,0,0,0,0.0,0.0,0.0,0,0,0,0,0,0.0,745.0575859975268,0.0,0.26946024810037134,20,100.0,20,100.0,20,100.0,20,100.0,20,100.0,1.0,1.0,1.0,1.0,1.0
5,Fwd-Attention-encoder-Attention-serving-prefill-q_wq_a_linear,"XlaEinsum(a=4x2048x5120,b=5120x1536,eq=BSM;MD->BSD,memory_placements=0_0_0,type=DT_BFLOAT16)",FwdAttentionencoderAttentionservingprefillqwqalinearwqaxselfwqax,MXU,60,Compute,289149,289149,42030,0,0,0,0,0,0,0,0,289149,48188,0,0,124780544,"DT_BFLOAT16:[4,2048,5120],DT_BFLOAT16:[5120,1536]","[DT_BFLOAT16:(4,2048,1536)]",128849018880,FwdAttentionencoderAttentionservingprefillqwqalinearwqaxselfwqax,Einsum,15728640,[],Einsum,"BSM,MD->BSD","[[4, 2048, 5120], [5120, 1536], [4, 2048, 1536]]",1,45088768,30720,1,8192,1536,5120,0,289149,124780544,None,0.0,0.0,None,0.0,0.0,None,0.0,0.0,None,0.0,0.0,None,0.0,0.0,50973,0,0,0,0,0,0,0,0,0,0,0,0,0,0,0,0.0,0.0,0.0,0,0,0,0,0,445.61461004533993,401.9067591449391,0.9770330436066509,0.1453550665985313,20,100.0,20,100.0,20,100.0,20,100.0,20,100.0,1.0,1.0,1.0,1.0,1.0
6,Fwd-Attention-encoder-Attention-serving-prefill-q_norm,"RMSNorm(x=4x2048x1536,memory_placements=0_0,type=DT_FLOAT32)",FwdAttentionencoderAttentionservingprefillqnormqnormwqaxselfqnormwqax,VPU,60,Memory,33906,7229,33906,0,0,0,0,0,0,0,0,0,7229,0,0,100663296,"DT_FLOAT32:[4,2048,1536]","[DT_FLOAT32:(4,2048,1536)]",75497472,FwdAttentionencoderAttentionservingprefillqnormqnormwqaxselfqnormwqax,RMSNorm,0,[],RMSNorm,,,,,0,,,,,0,7229,100663296,None,0.0,0.0,None,0.0,0.0,None,0.0,0.0,None,0.0,0.0,None,0.0,0.0,4051,0,0,0,0,0,0,0,0,0,0,0,0,0,0,0,0.0,0.0,0.0,0,0,0,0,0,2.2266699699168293,2764.997345602548,0.21318454828401015,0.9999990400009215,20,100.0,20,100.0,20,100.0,20,100.0,20,100.0,1.0,1.0,1.0,1.0,1.0
7,Fwd-Attention-encoder-Attention-serving-prefill-q_wq_b_linear,"XlaEinsum(a=4x2048x1536,b=1536x6144,eq=BSR;RD->BSD,memory_placements=0_0_0,type=DT_BFLOAT16)",FwdAttentionencoderAttentionservingprefillqwqblinearqselfwqbqnormwqax,MXU,60,Compute,346975,346975,48740,0,0,0,0,0,0,0,0,346975,57825,0,0,144703488,"DT_BFLOAT16:[4,2048,1536],DT_BFLOAT16:[1536,6144]","[DT_BFLOAT16:(4,2048,6144)]",154618822656,FwdAttentionencoderAttentionservingprefillqwqblinearqselfwqbqnormwqax,Einsum,18874368,[],Einsum,"BSR,RD->BSD","[[4, 2048, 768], [768, 6144], [4, 2048, 6144]]",1,130023424,36864,1,8192,6144,1536,0,346975,144703488,None,0.0,0.0,None,0.0,0.0,None,0.0,0.0,None,0.0,0.0,None,0.0,0.0,61054,0,0,0,0,0,0,0,0,0,0,0,0,0,0,0,0.0,0.0,0.0,0,0,0,0,0,445.6194903263924,388.40154189783124,0.9770437438748711,0.14047072039704567,20,100.0,20,100.0,20,100.0,20,100.0,20,100.0,1.0,1.0,1.0,1.0,1.0
8,Fwd-Attention-encoder-Attention-serving-prefill-apply_rotary_emb,"Mul(a=4x2048x32x64,b=4x2048x32x64,memory_placements=0_0_0,type=DT_FLOAT32)",FwdAttentionencoderAttentionservingprefillapplyrotaryembqpeapplyrotaryembqpefreqscis,VPU,60,Memory,45208,1607,45208,0,0,0,0,0,0,0,0,0,1607,0,0,134217728,"DT_FLOAT32:[4,2048,32,64]","[DT_FLOAT32:(4,2048,32,64)]",16777216,FwdAttentionencoderAttentionservingprefillapplyrotaryembqpeapplyrotaryembqpefreqscis,Mul,0,[],Mul,,,,,0,,,,,0,1607,134217728,None,0.0,0.0,None,0.0,0.0,None,0.0,0.0,None,0.0,0.0,None,0.0,0.0,3393,0,0,0,0,0,0,0,0,0,0,0,0,0,0,0,0.0,0.0,0.0,0,0,0,0,0,0.3711116616528048,2764.997345602548,0.035530758047335013,0.9999990400009215,20,100.0,20,100.0,20,100.0,20,100.0,20,100.0,1.0,1.0,1.0,1.0,1.0
9,Fwd-Attention-encoder-Attention-serving-prefill-kv_k_pe_linear,"XlaEinsum(a=4x2048x5120,b=5120x576,eq=BSM;MK->BSK,memory_placements=0_0_0,type=DT_BFLOAT16)",FwdAttentionencoderAttentionservingprefillkvkpelinearkvselfwkvaxkvkpetorchsplitkvselfkvlorarankselfqkropeheaddimdim1,MXU,60,Compute,120490,120490,33421,0,0,0,0,0,0,0,0,120490,20078,0,0,99221504,"DT_BFLOAT16:[4,2048,5120],DT_BFLOAT16:[5120,576]","[DT_BFLOAT16:(4,2048,576)]",48318382080,FwdAttentionencoderAttentionservingprefillkvkpelinearkvselfwkvaxkvkpetorchsplitkvselfkvlorarankselfqkropeheaddimdim1,Einsum,5898240,[],Einsum,"BSM,MK->BSK","[[4, 2048, 5120], [5120, 576], [4, 2048, 576]]",1,27394048,12800,1,8192,576,5120,0,120490,99221504,None,0.0,0.0,None,0.0,0.0,None,0.0,0.0,None,0.0,0.0,None,0.0,0.0,22293,0,0,0,0,0,0,0,0,0,0,0,0,0,0,0,0.0,0.0,0.0,0,0,0,0,0,401.01570321188484,766.9285962528011,0.8792476373324121,0.27737019755978337,20,100.0,20,100.0,20,100.0,20,100.0,20,100.0,1.0,1.0,1.0,1.0,1.0
10,Fwd-Attention-encoder-Attention-serving-prefill-apply_rotary_emb,"Mul(a=4x2048x64,b=4x2048x64,memory_placements=0_0_0,type=DT_FLOAT32)",FwdAttentionencoderAttentionservingprefillapplyrotaryembkpeapplyrotaryembkpeunsqueeze2freqscis,VPU,60,Memory,1413,51,1413,0,0,0,0,0,0,0,0,0,51,0,0,4194304,"DT_FLOAT32:[4,2048,64]","[DT_FLOAT32:(4,2048,64)]",524288,FwdAttentionencoderAttentionservingprefillapplyrotaryembkpeapplyrotaryembkpeunsqueeze2freqscis,Mul,0,[],Mul,,,,,0,,,,,0,51,4194304,None,0.0,0.0,None,0.0,0.0,None,0.0,0.0,None,0.0,0.0,None,0.0,0.0,106,0,0,0,0,0,0,0,0,0,0,0,0,0,0,0,0.0,0.0,0.0,0,0,0,0,0,0.37104600141542815,2764.5081387119603,0.03552447164286804,0.9998221116498952,20,100.0,20,100.0,20,100.0,20,100.0,20,100.0,1.0,1.0,1.0,1.0,1.0
11,AllGatherKV-11,AllGather(4x2048x512->4x8192x512),AllGatherKV11AllGather,ICINoCompute,60,ICI/NVLink,62915,0,16953,62915,25165824,25165824,0,0,0,0,0,0,0,0,0,50331648,"DT_BFLOAT16:[4,2048,512]","[DT_BFLOAT16:(4,8192,512)]",0,AllGatherKV11AllGather,AllGather,0,[],AllGather,,,,,0,,,,,0,0,50331648,None,0.0,0.0,None,0.0,0.0,None,0.0,0.0,None,0.0,0.0,None,0.0,0.0,0,0,0,0,0,0,0,0,0,0,0,0,0,0,0,0,0.0,0.0,0.0,0,0,0,0,0,0.0,745.0528490820949,0.0,0.26945853493023325,20,100.0,20,100.0,20,100.0,20,100.0,20,100.0,1.0,1.0,1.0,1.0,1.0
12,AllGatherK_PE-12,AllGather(4x2048x64->4x8192x64),AllGatherKPE12AllGather,ICINoCompute,60,ICI/NVLink,31458,0,8477,31458,12582912,12582912,0,0,0,0,0,0,0,0,0,25165824,"DT_BFLOAT16:[4,2048,64]","[DT_BFLOAT16:(4,8192,64)]",0,AllGatherKPE12AllGather,AllGather,0,[],AllGather,,,,,0,,,,,0,0,25165824,None,0.0,0.0,None,0.0,0.0,None,0.0,0.0,None,0.0,0.0,None,0.0,0.0,0,0,0,0,0,0,0,0,0,0,0,0,0,0,0,0,0.0,0.0,0.0,0,0,0,0,0,0.0,745.0410070570284,0.0,0.26945425210019114,20,100.0,20,100.0,20,100.0,20,100.0,20,100.0,1.0,1.0,1.0,1.0,1.0
13,Fwd-Attention-encoder-Attention-serving-prefill-q_nope_wkv_b_linear,"XlaEinsum(a=4x2048x32x128,b=32x128x512,eq=BSHD;HDC->BSHC,memory_placements=0_0_0,type=DT_BFLOAT16)",FwdAttentionencoderAttentionservingprefillqnopewkvblinearwkvbwkvbviewselfnlocalheads1selfkvlorarankqnopetorcheinsumbshdhdcbshcqnopewkvbselfqknopeheaddim,MXU,60,Memory,114433,77120,114433,0,0,0,0,0,0,0,0,77120,12850,0,0,339738624,"DT_BFLOAT16:[4,2048,32,128],DT_BFLOAT16:[32,128,512]","[DT_BFLOAT16:(4,2048,32,512)]",34359738368,FwdAttentionencoderAttentionservingprefillqnopewkvblinearwkvbwkvbviewselfnlocalheads1selfkvlorarankqnopetorcheinsumbshdhdcbshcqnopewkvbselfqknopeheaddim,Einsum,4194304,[],Einsum,"BSHD,HDC->BSHC","[[4, 2048, 1, 1], [1, 1, 512], [4, 2048, 1, 512]]",32,10616832,8192,32,8192,512,128,0,77120,339738624,None,0.0,0.0,None,0.0,0.0,None,0.0,0.0,None,0.0,0.0,None,0.0,0.0,20426,0,0,0,0,0,0,0,0,0,0,0,0,0,0,0,0.0,0.0,0.0,0,0,0,0,0,300.26074967885137,2764.991304955738,0.6583371988285885,0.999996855318531,20,100.0,20,100.0,20,100.0,20,100.0,20,100.0,1.0,1.0,1.0,1.0,1.0
14,Fwd-Attention-encoder-Attention-serving-prefill-kv_norm,"RMSNorm(x=4x2048x512,memory_placements=0_0,type=DT_FLOAT32)",FwdAttentionencoderAttentionservingprefillkvnormkvnormselfkvnormkv,VPU,60,Memory,11302,2410,11302,0,0,0,0,0,0,0,0,0,2410,0,0,33554432,"DT_FLOAT32:[4,2048,512]","[DT_FLOAT32:(4,2048,512)]",25165824,FwdAttentionencoderAttentionservingprefillkvnormkvnormselfkvnormkv,RMSNorm,0,[],RMSNorm,,,,,0,,,,,0,2410,33554432,None,0.0,0.0,None,0.0,0.0,None,0.0,0.0,None,0.0,0.0,None,0.0,0.0,1350,0,0,0,0,0,0,0,0,0,0,0,0,0,0,0,0.0,0.0,0.0,0,0,0,0,0,2.2266699699168293,2764.997345602548,0.21318454828401015,0.9999990400009215,20,100.0,20,100.0,20,100.0,20,100.0,20,100.0,1.0,1.0,1.0,1.0,1.0
15,Fwd-Attention-encoder-Attention-serving-prefill-q_nope_kv_cache_einsum,"XlaEinsum(a=4x2048x32x512,b=4x2048x512,eq=BSHC;BTC->BSHT,memory_placements=0_0_0,type=DT_BFLOAT16)",FwdAttentionencoderAttentionservingprefillqnopekvcacheeinsumqnopekvtorcheinsumbshcbtcbshtqnopeselfkvcachebszendpos,MXU,60,Compute,1233638,1233638,463382,0,0,0,0,0,0,0,0,1233638,205603,0,0,1375731712,"DT_BFLOAT16:[4,2048,32,512],DT_BFLOAT16:[4,2048,512]","[DT_BFLOAT16:(4,2048,32,2048)]",549755813888,FwdAttentionencoderAttentionservingprefillqnopekvcacheeinsumqnopekvtorcheinsumbshcbtcbshtqnopeselfkvcachebszendpos,Einsum,8388608,[],Einsum,"BSHC,BTC->BSHT","[[1, 512, 32, 512], [1, 2048, 512], [1, 512, 32, 2048]]",16,337641472,131072,4,65536,2048,512,0,1233638,1375731712,None,0.0,0.0,None,0.0,0.0,None,0.0,0.0,None,0.0,0.0,None,0.0,0.0,236273,0,0,0,0,0,0,0,0,0,0,0,0,0,0,0,0.0,0.0,0.0,0,0,0,0,0,445.63787260768555,1038.594790368001,0.9770840479758486,0.3756219856665465,20,100.0,20,100.0,20,100.0,20,100.0,20,100.0,1.0,1.0,1.0,1.0,1.0
16,Fwd-Attention-encoder-Attention-serving-prefill-q_pe_pe_einsum,"XlaEinsum(a=4x2048x32x64,b=4x2048x64,eq=BSHR;BTR->BSHT,memory_placements=0_0_0,type=DT_BFLOAT16)",FwdAttentionencoderAttentionservingprefillqpepeeinsumqpepetorcheinsumbshrbtrbshtqpeselfpecachebszendpos,MXU,60,Memory,374379,308424,374379,0,0,0,0,0,0,0,0,308424,51401,0,0,1111490560,"DT_BFLOAT16:[4,2048,32,64],DT_BFLOAT16:[4,2048,64]","[DT_BFLOAT16:(4,2048,32,2048)]",68719476736,FwdAttentionencoderAttentionservingprefillqpepeeinsumqpepetorcheinsumbshrbtrbshtqpeselfpecachebszendpos,Einsum,1048576,[],Einsum,"BSHR,BTR->BSHT","[[1, 512, 32, 1], [1, 2048, 1], [1, 512, 32, 2048]]",16,277086208,32768,4,65536,2048,64,0,308424,1111490560,None,0.0,0.0,None,0.0,0.0,None,0.0,0.0,None,0.0,0.0,None,0.0,0.0,76180,0,0,0,0,0,0,0,0,0,0,0,0,0,0,0,0.0,0.0,0.0,0,0,0,0,0,183.55590654390338,2764.995499213364,0.4024558037365978,0.9999983722290647,20,100.0,20,100.0,20,100.0,20,100.0,20,100.0,1.0,1.0,1.0,1.0,1.0
17,Fwd-Attention-encoder-Attention-serving-prefill-scores_kv_cache_einsum,"XlaEinsum(a=4x2048x32x2048,b=4x2048x512,eq=BSHT;BTC->BSHC,memory_placements=0_0_0,type=DT_BFLOAT16)",FwdAttentionencoderAttentionservingprefillscoreskvcacheeinsumxtorcheinsumbshtbtcbshcscoresselfkvcachebszendpos,MXU,60,Compute,1233638,1233638,454906,0,0,0,0,0,0,0,0,1233638,205603,0,0,1350565888,"DT_BFLOAT16:[4,2048,32,2048],DT_BFLOAT16:[4,2048,512]","[DT_BFLOAT16:(4,2048,32,512)]",549755813888,FwdAttentionencoderAttentionservingprefillscoreskvcacheeinsumxtorcheinsumbshtbtcbshcscoresselfkvcachebszendpos,Einsum,8388608,[],Einsum,"BSHT,BTC->BSHC","[[1, 2048, 32, 256], [1, 256, 512], [1, 2048, 32, 512]]",4,202375168,131072,4,65536,512,2048,0,1233638,1350565888,None,0.0,0.0,None,0.0,0.0,None,0.0,0.0,None,0.0,0.0,None,0.0,0.0,235712,0,0,0,0,0,0,0,0,0,0,0,0,0,0,0,0.0,0.0,0.0,0,0,0,0,0,445.63787260768555,1019.5961051783424,0.9770840479758486,0.36875085178240236,20,100.0,20,100.0,20,100.0,20,100.0,20,100.0,1.0,1.0,1.0,1.0,1.0
18,Fwd-Attention-encoder-Attention-serving-prefill-x_wkv_b_linear,"XlaEinsum(a=4x2048x32x512,b=32x128x512,eq=BSHC;HDC->BSHD,memory_placements=0_0_0,type=DT_BFLOAT16)",FwdAttentionencoderAttentionservingprefillxwkvblinearxtorcheinsumbshchdcbshdxwkvbselfvheaddim,MXU,60,Memory,114433,77120,114433,0,0,0,0,0,0,0,0,77120,12850,0,0,339738624,"DT_BFLOAT16:[4,2048,32,512],DT_BFLOAT16:[32,128,512]","[DT_BFLOAT16:(4,2048,32,128)]",34359738368,FwdAttentionencoderAttentionservingprefillxwkvblinearxtorcheinsumbshchdcbshdxwkvbselfvheaddim,Einsum,4194304,[],Einsum,"BSHC,HDC->BSHD","[[4, 2048, 1, 512], [1, 128, 512], [4, 2048, 1, 128]]",32,10616832,8192,32,8192,128,512,0,77120,339738624,None,0.0,0.0,None,0.0,0.0,None,0.0,0.0,None,0.0,0.0,None,0.0,0.0,20426,0,0,0,0,0,0,0,0,0,0,0,0,0,0,0,0.0,0.0,0.0,0,0,0,0,0,300.26074967885137,2764.991304955738,0.6583371988285885,0.999996855318531,20,100.0,20,100.0,20,100.0,20,100.0,20,100.0,1.0,1.0,1.0,1.0,1.0
19,Fwd-Attention-encoder-Attention-serving-prefill-x_wo_linear,"XlaEinsum(a=4x2048x4096,b=4096x5120,eq=BSD;DM->BSM,memory_placements=0_0_0,type=DT_BFLOAT16)",FwdAttentionencoderAttentionservingprefillxwolinearxselfwoxflatten2,MXU,60,Compute,771031,771031,64987,0,0,0,0,0,0,0,0,771031,128502,0,0,192937984,"DT_BFLOAT16:[4,2048,4096],DT_BFLOAT16:[4096,5120]","[DT_BFLOAT16:(4,2048,5120)]",343597383680,FwdAttentionencoderAttentionservingprefillxwolinearxselfwoxflatten2,Einsum,41943040,[],Einsum,"BSD,DM->BSM","[[4, 2048, 1024], [1024, 5120], [4, 2048, 5120]]",1,111149056,81920,1,8192,5120,4096,0,771031,192937984,None,0.0,0.0,None,0.0,0.0,None,0.0,0.0,None,0.0,0.0,None,0.0,0.0,132806,0,0,0,0,0,0,0,0,0,0,0,0,0,0,0,0.0,0.0,0.0,0,0,0,0,0,445.63368227736623,233.04834695362445,0.9770748604602391,0.08428511643892385,20,100.0,20,100.0,20,100.0,20,100.0,20,100.0,1.0,1.0,1.0,1.0,1.0
20,Reduce attention and scatter before RMSNorm,"ReduceScatter(['4', '2048', '20480']->['4', '2048', '5120'])",ReduceattentionandscatterbeforeRMSNormReduceScatterMHA20,VPU,60,ICI/NVLink,314573,30720,84765,314573,125829120,125829120,0,0,0,0,0,0,30720,0,0,251658240,"DT_BFLOAT16:[4,2048,20480]","[DT_BFLOAT16:(4,2048,5120)]",188743680,ReduceattentionandscatterbeforeRMSNormReduceScatterMHA20,ReduceScatter,0,[],ReduceScatter,,,,,0,,,,,0,30720,251658240,None,0.0,0.0,None,0.0,0.0,None,0.0,0.0,None,0.0,0.0,None,0.0,0.0,13289,0,0,0,0,0,0,0,0,0,0,0,0,0,0,0,0.0,0.0,0.0,0,0,0,0,0,0.599999618530516,745.0575859975268,0.057444816418745784,0.26946024810037134,20,100.0,20,100.0,20,100.0,20,100.0,20,100.0,1.0,1.0,1.0,1.0,1.0
21,Fwd-Attention-encoder-Attention-serving-prefill-Attention_RMSNorm,"RMSNorm(x=4x2048x20480,memory_placements=0_0,type=DT_BFLOAT16)",FwdAttentionencoderAttentionservingprefillAttentionRMSNormYnormRMSNormy,VPU,60,Memory,226040,96377,226040,0,0,0,0,0,0,0,0,0,96377,0,0,671088640,"DT_BFLOAT16:[4,2048,20480]","[DT_BFLOAT16:(4,2048,20480)]",1006632960,FwdAttentionencoderAttentionservingprefillAttentionRMSNormYnormRMSNormy,RMSNorm,0,[],RMSNorm,,,,,0,,,,,0,96377,671088640,None,0.0,0.0,None,0.0,0.0,None,0.0,0.0,None,0.0,0.0,None,0.0,0.0,39053,0,0,0,0,0,0,0,0,0,0,0,0,0,0,0,0.0,0.0,0.0,0,0,0,0,0,4.453339939833659,2764.997345602548,0.4263690965680203,0.9999990400009215,20,100.0,20,100.0,20,100.0,20,100.0,20,100.0,1.0,1.0,1.0,1.0,1.0
22,AllGatherMHA-22,AllGather(4x2048x5120->4x2048x20480),AllGatherMHA22AllGather,ICINoCompute,60,ICI/NVLink,1258292,0,339060,1258292,503316480,503316480,0,0,0,0,0,0,0,0,0,1006632960,"DT_BFLOAT16:[4,2048,5120]","[DT_BFLOAT16:(4,2048,20480)]",0,AllGatherMHA22AllGather,AllGather,0,[],AllGather,,,,,0,,,,,0,0,1006632960,None,0.0,0.0,None,0.0,0.0,None,0.0,0.0,None,0.0,0.0,None,0.0,0.0,0,0,0,0,0,0,0,0,0,0,0,0,0,0,0,0,0.0,0.0,0.0,0,0,0,0,0,0.0,745.0575859975268,0.0,0.26946024810037134,20,100.0,20,100.0,20,100.0,20,100.0,20,100.0,1.0,1.0,1.0,1.0,1.0
23,All gather input of MLP before ffn,AllGather(4x5120->4x20480),AllgatherinputofMLPbeforeffnAllGatherMLP23,ICINoCompute,15,ICI/NVLink,9990,0,500,9990,245760,245760,0,0,0,0,0,0,0,0,0,491520,"DT_BFLOAT16:[4,5120]","[DT_BFLOAT16:(4,20480)]",0,AllgatherinputofMLPbeforeffnAllGatherMLP23,AllGather,0,[],AllGather,,,,,0,,,,,0,0,491520,None,0.0,0.0,None,0.0,0.0,None,0.0,0.0,None,0.0,0.0,None,0.0,0.0,0,0,0,0,0,0,0,0,0,0,0,0,0,0,0,0,0.0,0.0,0.0,0,0,0,0,0,0.0,45.82218937687688,0.0,0.016572220389467224,20,100.0,20,100.0,20,100.0,20,100.0,20,100.0,1.0,1.0,1.0,1.0,1.0
24,FFN_MoE_gate-scores,"XlaEinsum(a=4x2048x5120,b=160x5120,eq=BSM;RM->BSR,memory_placements=0_0_0,type=DT_BFLOAT16)",FFNMoEgatescoresscoreslinearxselfweight,MXU,15,Compute,48208,48208,29690,0,0,0,0,0,0,0,0,48208,8031,0,0,88145920,"DT_BFLOAT16:[4,2048,5120],DT_BFLOAT16:[160,5120]","[DT_BFLOAT16:(4,2048,160)]",13421772800,FFNMoEgatescoresscoreslinearxselfweight,Einsum,1638400,[],Einsum,"BSM,RM->BSR","[[4, 2048, 5120], [160, 5120], [4, 2048, 160]]",1,19726336,5120,1,8192,160,5120,0,48208,88145920,None,0.0,0.0,None,0.0,0.0,None,0.0,0.0,None,0.0,0.0,None,0.0,0.0,9999,0,0,0,0,0,0,0,0,0,0,0,0,0,0,0,0.0,0.0,0.0,0,0,0,0,0,278.4138068370395,1702.8768079208844,0.6104366484941545,0.6158686466259979,20,100.0,20,100.0,20,100.0,20,100.0,20,100.0,1.0,1.0,1.0,1.0,1.0
25,FFN_MoE_gate-scores_softmax,"Softmax(x=4x2048x160,memory_placements=0_0,type=DT_FLOAT32)",FFNMoEgatescoressoftmaxscoressoftmaxscores,VPU,15,Memory,3532,503,3532,0,0,0,0,0,0,0,0,0,503,0,0,10485760,"DT_FLOAT32:[4,2048,160]","[DT_FLOAT32:(4,2048,160)]",5242880,FFNMoEgatescoressoftmaxscoressoftmaxscores,Softmax,0,[],Softmax,,,,,0,,,,,0,503,10485760,None,0.0,0.0,None,0.0,0.0,None,0.0,0.0,None,0.0,0.0,None,0.0,0.0,359,0,0,0,0,0,0,0,0,0,0,0,0,0,0,0,0.0,0.0,0.0,0,0,0,0,0,1.4843941109852774,2764.8994903737257,0.1421180023538294,0.9999636493214198,20,100.0,20,100.0,20,100.0,20,100.0,20,100.0,1.0,1.0,1.0,1.0,1.0
26,FFN_routed_expert0-Fwd-FFN-encoder-FFgate,"XlaEinsum(a=4x2048x5120,b=5120x384,eq=BLM;MH->BLH,memory_placements=0_0_0,type=DT_BFLOAT16)",FFNroutedexpert0FwdFFNencoderFFgateMatMulhgate2ynorm2WFFgate1,MXU,15,Compute,72302,72302,31699,0,0,0,0,0,0,0,0,72302,12047,0,0,94109696,"DT_BFLOAT16:[4,2048,5120],DT_BFLOAT16:[5120,384]","[DT_BFLOAT16:(4,2048,384)]",32212254720,FFNroutedexpert0FwdFFNencoderFFgateMatMulhgate2ynorm2WFFgate1,Einsum,3932160,[],Einsum,"BLM,MH->BLH","[[4, 2048, 5120], [5120, 384], [4, 2048, 384]]",1,23855104,7680,1,8192,384,5120,0,72302,94109696,None,0.0,0.0,None,0.0,0.0,None,0.0,0.0,None,0.0,0.0,None,0.0,0.0,14148,0,0,0,0,0,0,0,0,0,0,0,0,0,0,0,0.0,0.0,0.0,0,0,0,0,0,445.52370224890046,1212.2276614063235,0.9768337235685718,0.4384186840529199,20,100.0,20,100.0,20,100.0,20,100.0,20,100.0,1.0,1.0,1.0,1.0,1.0
27,FFN_routed_expert0-Fwd-FFN-encoder-FFup,"XlaEinsum(a=4x2048x5120,b=5120x384,eq=BLM;MH->BLH,memory_placements=0_0_0,type=DT_BFLOAT16)",FFNroutedexpert0FwdFFNencoderFFupMatMulhup2ynorm2WFFup1,MXU,15,Compute,72302,72302,31699,0,0,0,0,0,0,0,0,72302,12047,0,0,94109696,"DT_BFLOAT16:[4,2048,5120],DT_BFLOAT16:[5120,384]","[DT_BFLOAT16:(4,2048,384)]",32212254720,FFNroutedexpert0FwdFFNencoderFFupMatMulhup2ynorm2WFFup1,Einsum,3932160,[],Einsum,"BLM,MH->BLH","[[4, 2048, 5120], [5120, 384], [4, 2048, 384]]",1,23855104,7680,1,8192,384,5120,0,72302,94109696,None,0.0,0.0,None,0.0,0.0,None,0.0,0.0,None,0.0,0.0,None,0.0,0.0,14148,0,0,0,0,0,0,0,0,0,0,0,0,0,0,0,0.0,0.0,0.0,0,0,0,0,0,445.52370224890046,1212.2276614063235,0.9768337235685718,0.4384186840529199,20,100.0,20,100.0,20,100.0,20,100.0,20,100.0,1.0,1.0,1.0,1.0,1.0
28,FFN_routed_expert0-Fwd-FFN-encoder-FFgate_up,"Mul(a=4x2048x384,b=4x2048x384,memory_placements=0_0_0,type=DT_BFLOAT16)",FFNroutedexpert0FwdFFNencoderFFgateuphgateup2hgate2hup1,VPU,15,Memory,4239,302,4239,0,0,0,0,0,0,0,0,0,302,0,0,12582912,"DT_BFLOAT16:[4,2048,384]","[DT_BFLOAT16:(4,2048,384)]",3145728,FFNroutedexpert0FwdFFNencoderFFgateuphgateup2hgate2hup1,Mul,0,[],Mul,,,,,0,,,,,0,302,12582912,None,0.0,0.0,None,0.0,0.0,None,0.0,0.0,None,0.0,0.0,None,0.0,0.0,356,0,0,0,0,0,0,0,0,0,0,0,0,0,0,0,0.0,0.0,0.0,0,0,0,0,0,0.7420920028308563,2764.5081387119603,0.07104894328573608,0.9998221116498952,20,100.0,20,100.0,20,100.0,20,100.0,20,100.0,1.0,1.0,1.0,1.0,1.0
29,FFN_routed_expert0-Fwd-FFN-encoder-FFoutput,"XlaEinsum(a=4x2048x384,b=384x5120,eq=BLH;HM->BLM,memory_placements=0_0_0,type=DT_BFLOAT16)",FFNroutedexpert0FwdFFNencoderFFoutputMatMulffdown2hgateup2WFFdown1,MXU,15,Compute,72302,72302,31699,0,0,0,0,0,0,0,0,72302,12047,0,0,94109696,"DT_BFLOAT16:[4,2048,384],DT_BFLOAT16:[384,5120]","[DT_BFLOAT16:(4,2048,5120)]",32212254720,FFNroutedexpert0FwdFFNencoderFFoutputMatMulffdown2hgateup2WFFdown1,Einsum,3932160,[],Einsum,"BLH,HM->BLM","[[4, 2048, 384], [384, 5120], [4, 2048, 5120]]",1,94109696,7680,1,8192,5120,384,0,72302,94109696,None,0.0,0.0,None,0.0,0.0,None,0.0,0.0,None,0.0,0.0,None,0.0,0.0,14148,0,0,0,0,0,0,0,0,0,0,0,0,0,0,0,0.0,0.0,0.0,0,0,0,0,0,445.52370224890046,1212.2276614063235,0.9768337235685718,0.4384186840529199,20,100.0,20,100.0,20,100.0,20,100.0,20,100.0,1.0,1.0,1.0,1.0,1.0
30,FFN_routed_expert1-Fwd-FFN-encoder-FFgate,"XlaEinsum(a=4x2048x5120,b=5120x384,eq=BLM;MH->BLH,memory_placements=0_0_0,type=DT_BFLOAT16)",FFNroutedexpert1FwdFFNencoderFFgateMatMulhgate2ynorm2WFFgate1,MXU,15,Compute,72302,72302,31699,0,0,0,0,0,0,0,0,72302,12047,0,0,94109696,"DT_BFLOAT16:[4,2048,5120],DT_BFLOAT16:[5120,384]","[DT_BFLOAT16:(4,2048,384)]",32212254720,FFNroutedexpert1FwdFFNencoderFFgateMatMulhgate2ynorm2WFFgate1,Einsum,3932160,[],Einsum,"BLM,MH->BLH","[[4, 2048, 5120], [5120, 384], [4, 2048, 384]]",1,23855104,7680,1,8192,384,5120,0,72302,94109696,None,0.0,0.0,None,0.0,0.0,None,0.0,0.0,None,0.0,0.0,None,0.0,0.0,14148,0,0,0,0,0,0,0,0,0,0,0,0,0,0,0,0.0,0.0,0.0,0,0,0,0,0,445.52370224890046,1212.2276614063235,0.9768337235685718,0.4384186840529199,20,100.0,20,100.0,20,100.0,20,100.0,20,100.0,1.0,1.0,1.0,1.0,1.0
31,FFN_routed_expert1-Fwd-FFN-encoder-FFup,"XlaEinsum(a=4x2048x5120,b=5120x384,eq=BLM;MH->BLH,memory_placements=0_0_0,type=DT_BFLOAT16)",FFNroutedexpert1FwdFFNencoderFFupMatMulhup2ynorm2WFFup1,MXU,15,Compute,72302,72302,31699,0,0,0,0,0,0,0,0,72302,12047,0,0,94109696,"DT_BFLOAT16:[4,2048,5120],DT_BFLOAT16:[5120,384]","[DT_BFLOAT16:(4,2048,384)]",32212254720,FFNroutedexpert1FwdFFNencoderFFupMatMulhup2ynorm2WFFup1,Einsum,3932160,[],Einsum,"BLM,MH->BLH","[[4, 2048, 5120], [5120, 384], [4, 2048, 384]]",1,23855104,7680,1,8192,384,5120,0,72302,94109696,None,0.0,0.0,None,0.0,0.0,None,0.0,0.0,None,0.0,0.0,None,0.0,0.0,14148,0,0,0,0,0,0,0,0,0,0,0,0,0,0,0,0.0,0.0,0.0,0,0,0,0,0,445.52370224890046,1212.2276614063235,0.9768337235685718,0.4384186840529199,20,100.0,20,100.0,20,100.0,20,100.0,20,100.0,1.0,1.0,1.0,1.0,1.0
32,FFN_routed_expert1-Fwd-FFN-encoder-FFgate_up,"Mul(a=4x2048x384,b=4x2048x384,memory_placements=0_0_0,type=DT_BFLOAT16)",FFNroutedexpert1FwdFFNencoderFFgateuphgateup2hgate2hup1,VPU,15,Memory,4239,302,4239,0,0,0,0,0,0,0,0,0,302,0,0,12582912,"DT_BFLOAT16:[4,2048,384]","[DT_BFLOAT16:(4,2048,384)]",3145728,FFNroutedexpert1FwdFFNencoderFFgateuphgateup2hgate2hup1,Mul,0,[],Mul,,,,,0,,,,,0,302,12582912,None,0.0,0.0,None,0.0,0.0,None,0.0,0.0,None,0.0,0.0,None,0.0,0.0,356,0,0,0,0,0,0,0,0,0,0,0,0,0,0,0,0.0,0.0,0.0,0,0,0,0,0,0.7420920028308563,2764.5081387119603,0.07104894328573608,0.9998221116498952,20,100.0,20,100.0,20,100.0,20,100.0,20,100.0,1.0,1.0,1.0,1.0,1.0
33,FFN_routed_expert1-Fwd-FFN-encoder-FFoutput,"XlaEinsum(a=4x2048x384,b=384x5120,eq=BLH;HM->BLM,memory_placements=0_0_0,type=DT_BFLOAT16)",FFNroutedexpert1FwdFFNencoderFFoutputMatMulffdown2hgateup2WFFdown1,MXU,15,Compute,72302,72302,31699,0,0,0,0,0,0,0,0,72302,12047,0,0,94109696,"DT_BFLOAT16:[4,2048,384],DT_BFLOAT16:[384,5120]","[DT_BFLOAT16:(4,2048,5120)]",32212254720,FFNroutedexpert1FwdFFNencoderFFoutputMatMulffdown2hgateup2WFFdown1,Einsum,3932160,[],Einsum,"BLH,HM->BLM","[[4, 2048, 384], [384, 5120], [4, 2048, 5120]]",1,94109696,7680,1,8192,5120,384,0,72302,94109696,None,0.0,0.0,None,0.0,0.0,None,0.0,0.0,None,0.0,0.0,None,0.0,0.0,14148,0,0,0,0,0,0,0,0,0,0,0,0,0,0,0,0.0,0.0,0.0,0,0,0,0,0,445.52370224890046,1212.2276614063235,0.9768337235685718,0.4384186840529199,20,100.0,20,100.0,20,100.0,20,100.0,20,100.0,1.0,1.0,1.0,1.0,1.0
34,FFN_routed_expert2-Fwd-FFN-encoder-FFgate,"XlaEinsum(a=4x2048x5120,b=5120x384,eq=BLM;MH->BLH,memory_placements=0_0_0,type=DT_BFLOAT16)",FFNroutedexpert2FwdFFNencoderFFgateMatMulhgate2ynorm2WFFgate1,MXU,15,Compute,72302,72302,31699,0,0,0,0,0,0,0,0,72302,12047,0,0,94109696,"DT_BFLOAT16:[4,2048,5120],DT_BFLOAT16:[5120,384]","[DT_BFLOAT16:(4,2048,384)]",32212254720,FFNroutedexpert2FwdFFNencoderFFgateMatMulhgate2ynorm2WFFgate1,Einsum,3932160,[],Einsum,"BLM,MH->BLH","[[4, 2048, 5120], [5120, 384], [4, 2048, 384]]",1,23855104,7680,1,8192,384,5120,0,72302,94109696,None,0.0,0.0,None,0.0,0.0,None,0.0,0.0,None,0.0,0.0,None,0.0,0.0,14148,0,0,0,0,0,0,0,0,0,0,0,0,0,0,0,0.0,0.0,0.0,0,0,0,0,0,445.52370224890046,1212.2276614063235,0.9768337235685718,0.4384186840529199,20,100.0,20,100.0,20,100.0,20,100.0,20,100.0,1.0,1.0,1.0,1.0,1.0
35,FFN_routed_expert2-Fwd-FFN-encoder-FFup,"XlaEinsum(a=4x2048x5120,b=5120x384,eq=BLM;MH->BLH,memory_placements=0_0_0,type=DT_BFLOAT16)",FFNroutedexpert2FwdFFNencoderFFupMatMulhup2ynorm2WFFup1,MXU,15,Compute,72302,72302,31699,0,0,0,0,0,0,0,0,72302,12047,0,0,94109696,"DT_BFLOAT16:[4,2048,5120],DT_BFLOAT16:[5120,384]","[DT_BFLOAT16:(4,2048,384)]",32212254720,FFNroutedexpert2FwdFFNencoderFFupMatMulhup2ynorm2WFFup1,Einsum,3932160,[],Einsum,"BLM,MH->BLH","[[4, 2048, 5120], [5120, 384], [4, 2048, 384]]",1,23855104,7680,1,8192,384,5120,0,72302,94109696,None,0.0,0.0,None,0.0,0.0,None,0.0,0.0,None,0.0,0.0,None,0.0,0.0,14148,0,0,0,0,0,0,0,0,0,0,0,0,0,0,0,0.0,0.0,0.0,0,0,0,0,0,445.52370224890046,1212.2276614063235,0.9768337235685718,0.4384186840529199,20,100.0,20,100.0,20,100.0,20,100.0,20,100.0,1.0,1.0,1.0,1.0,1.0
36,FFN_routed_expert2-Fwd-FFN-encoder-FFgate_up,"Mul(a=4x2048x384,b=4x2048x384,memory_placements=0_0_0,type=DT_BFLOAT16)",FFNroutedexpert2FwdFFNencoderFFgateuphgateup2hgate2hup1,VPU,15,Memory,4239,302,4239,0,0,0,0,0,0,0,0,0,302,0,0,12582912,"DT_BFLOAT16:[4,2048,384]","[DT_BFLOAT16:(4,2048,384)]",3145728,FFNroutedexpert2FwdFFNencoderFFgateuphgateup2hgate2hup1,Mul,0,[],Mul,,,,,0,,,,,0,302,12582912,None,0.0,0.0,None,0.0,0.0,None,0.0,0.0,None,0.0,0.0,None,0.0,0.0,356,0,0,0,0,0,0,0,0,0,0,0,0,0,0,0,0.0,0.0,0.0,0,0,0,0,0,0.7420920028308563,2764.5081387119603,0.07104894328573608,0.9998221116498952,20,100.0,20,100.0,20,100.0,20,100.0,20,100.0,1.0,1.0,1.0,1.0,1.0
37,FFN_routed_expert2-Fwd-FFN-encoder-FFoutput,"XlaEinsum(a=4x2048x384,b=384x5120,eq=BLH;HM->BLM,memory_placements=0_0_0,type=DT_BFLOAT16)",FFNroutedexpert2FwdFFNencoderFFoutputMatMulffdown2hgateup2WFFdown1,MXU,15,Compute,72302,72302,31699,0,0,0,0,0,0,0,0,72302,12047,0,0,94109696,"DT_BFLOAT16:[4,2048,384],DT_BFLOAT16:[384,5120]","[DT_BFLOAT16:(4,2048,5120)]",32212254720,FFNroutedexpert2FwdFFNencoderFFoutputMatMulffdown2hgateup2WFFdown1,Einsum,3932160,[],Einsum,"BLH,HM->BLM","[[4, 2048, 384], [384, 5120], [4, 2048, 5120]]",1,94109696,7680,1,8192,5120,384,0,72302,94109696,None,0.0,0.0,None,0.0,0.0,None,0.0,0.0,None,0.0,0.0,None,0.0,0.0,14148,0,0,0,0,0,0,0,0,0,0,0,0,0,0,0,0.0,0.0,0.0,0,0,0,0,0,445.52370224890046,1212.2276614063235,0.9768337235685718,0.4384186840529199,20,100.0,20,100.0,20,100.0,20,100.0,20,100.0,1.0,1.0,1.0,1.0,1.0
38,FFN_routed_expert3-Fwd-FFN-encoder-FFgate,"XlaEinsum(a=4x2048x5120,b=5120x384,eq=BLM;MH->BLH,memory_placements=0_0_0,type=DT_BFLOAT16)",FFNroutedexpert3FwdFFNencoderFFgateMatMulhgate2ynorm2WFFgate1,MXU,15,Compute,72302,72302,31699,0,0,0,0,0,0,0,0,72302,12047,0,0,94109696,"DT_BFLOAT16:[4,2048,5120],DT_BFLOAT16:[5120,384]","[DT_BFLOAT16:(4,2048,384)]",32212254720,FFNroutedexpert3FwdFFNencoderFFgateMatMulhgate2ynorm2WFFgate1,Einsum,3932160,[],Einsum,"BLM,MH->BLH","[[4, 2048, 5120], [5120, 384], [4, 2048, 384]]",1,23855104,7680,1,8192,384,5120,0,72302,94109696,None,0.0,0.0,None,0.0,0.0,None,0.0,0.0,None,0.0,0.0,None,0.0,0.0,14148,0,0,0,0,0,0,0,0,0,0,0,0,0,0,0,0.0,0.0,0.0,0,0,0,0,0,445.52370224890046,1212.2276614063235,0.9768337235685718,0.4384186840529199,20,100.0,20,100.0,20,100.0,20,100.0,20,100.0,1.0,1.0,1.0,1.0,1.0
39,FFN_routed_expert3-Fwd-FFN-encoder-FFup,"XlaEinsum(a=4x2048x5120,b=5120x384,eq=BLM;MH->BLH,memory_placements=0_0_0,type=DT_BFLOAT16)",FFNroutedexpert3FwdFFNencoderFFupMatMulhup2ynorm2WFFup1,MXU,15,Compute,72302,72302,31699,0,0,0,0,0,0,0,0,72302,12047,0,0,94109696,"DT_BFLOAT16:[4,2048,5120],DT_BFLOAT16:[5120,384]","[DT_BFLOAT16:(4,2048,384)]",32212254720,FFNroutedexpert3FwdFFNencoderFFupMatMulhup2ynorm2WFFup1,Einsum,3932160,[],Einsum,"BLM,MH->BLH","[[4, 2048, 5120], [5120, 384], [4, 2048, 384]]",1,23855104,7680,1,8192,384,5120,0,72302,94109696,None,0.0,0.0,None,0.0,0.0,None,0.0,0.0,None,0.0,0.0,None,0.0,0.0,14148,0,0,0,0,0,0,0,0,0,0,0,0,0,0,0,0.0,0.0,0.0,0,0,0,0,0,445.52370224890046,1212.2276614063235,0.9768337235685718,0.4384186840529199,20,100.0,20,100.0,20,100.0,20,100.0,20,100.0,1.0,1.0,1.0,1.0,1.0
40,FFN_routed_expert3-Fwd-FFN-encoder-FFgate_up,"Mul(a=4x2048x384,b=4x2048x384,memory_placements=0_0_0,type=DT_BFLOAT16)",FFNroutedexpert3FwdFFNencoderFFgateuphgateup2hgate2hup1,VPU,15,Memory,4239,302,4239,0,0,0,0,0,0,0,0,0,302,0,0,12582912,"DT_BFLOAT16:[4,2048,384]","[DT_BFLOAT16:(4,2048,384)]",3145728,FFNroutedexpert3FwdFFNencoderFFgateuphgateup2hgate2hup1,Mul,0,[],Mul,,,,,0,,,,,0,302,12582912,None,0.0,0.0,None,0.0,0.0,None,0.0,0.0,None,0.0,0.0,None,0.0,0.0,356,0,0,0,0,0,0,0,0,0,0,0,0,0,0,0,0.0,0.0,0.0,0,0,0,0,0,0.7420920028308563,2764.5081387119603,0.07104894328573608,0.9998221116498952,20,100.0,20,100.0,20,100.0,20,100.0,20,100.0,1.0,1.0,1.0,1.0,1.0
41,FFN_routed_expert3-Fwd-FFN-encoder-FFoutput,"XlaEinsum(a=4x2048x384,b=384x5120,eq=BLH;HM->BLM,memory_placements=0_0_0,type=DT_BFLOAT16)",FFNroutedexpert3FwdFFNencoderFFoutputMatMulffdown2hgateup2WFFdown1,MXU,15,Compute,72302,72302,31699,0,0,0,0,0,0,0,0,72302,12047,0,0,94109696,"DT_BFLOAT16:[4,2048,384],DT_BFLOAT16:[384,5120]","[DT_BFLOAT16:(4,2048,5120)]",32212254720,FFNroutedexpert3FwdFFNencoderFFoutputMatMulffdown2hgateup2WFFdown1,Einsum,3932160,[],Einsum,"BLH,HM->BLM","[[4, 2048, 384], [384, 5120], [4, 2048, 5120]]",1,94109696,7680,1,8192,5120,384,0,72302,94109696,None,0.0,0.0,None,0.0,0.0,None,0.0,0.0,None,0.0,0.0,None,0.0,0.0,14148,0,0,0,0,0,0,0,0,0,0,0,0,0,0,0,0.0,0.0,0.0,0,0,0,0,0,445.52370224890046,1212.2276614063235,0.9768337235685718,0.4384186840529199,20,100.0,20,100.0,20,100.0,20,100.0,20,100.0,1.0,1.0,1.0,1.0,1.0
42,FFN_routed_expert4-Fwd-FFN-encoder-FFgate,"XlaEinsum(a=4x2048x5120,b=5120x384,eq=BLM;MH->BLH,memory_placements=0_0_0,type=DT_BFLOAT16)",FFNroutedexpert4FwdFFNencoderFFgateMatMulhgate2ynorm2WFFgate1,MXU,15,Compute,72302,72302,31699,0,0,0,0,0,0,0,0,72302,12047,0,0,94109696,"DT_BFLOAT16:[4,2048,5120],DT_BFLOAT16:[5120,384]","[DT_BFLOAT16:(4,2048,384)]",32212254720,FFNroutedexpert4FwdFFNencoderFFgateMatMulhgate2ynorm2WFFgate1,Einsum,3932160,[],Einsum,"BLM,MH->BLH","[[4, 2048, 5120], [5120, 384], [4, 2048, 384]]",1,23855104,7680,1,8192,384,5120,0,72302,94109696,None,0.0,0.0,None,0.0,0.0,None,0.0,0.0,None,0.0,0.0,None,0.0,0.0,14148,0,0,0,0,0,0,0,0,0,0,0,0,0,0,0,0.0,0.0,0.0,0,0,0,0,0,445.52370224890046,1212.2276614063235,0.9768337235685718,0.4384186840529199,20,100.0,20,100.0,20,100.0,20,100.0,20,100.0,1.0,1.0,1.0,1.0,1.0
43,FFN_routed_expert4-Fwd-FFN-encoder-FFup,"XlaEinsum(a=4x2048x5120,b=5120x384,eq=BLM;MH->BLH,memory_placements=0_0_0,type=DT_BFLOAT16)",FFNroutedexpert4FwdFFNencoderFFupMatMulhup2ynorm2WFFup1,MXU,15,Compute,72302,72302,31699,0,0,0,0,0,0,0,0,72302,12047,0,0,94109696,"DT_BFLOAT16:[4,2048,5120],DT_BFLOAT16:[5120,384]","[DT_BFLOAT16:(4,2048,384)]",32212254720,FFNroutedexpert4FwdFFNencoderFFupMatMulhup2ynorm2WFFup1,Einsum,3932160,[],Einsum,"BLM,MH->BLH","[[4, 2048, 5120], [5120, 384], [4, 2048, 384]]",1,23855104,7680,1,8192,384,5120,0,72302,94109696,None,0.0,0.0,None,0.0,0.0,None,0.0,0.0,None,0.0,0.0,None,0.0,0.0,14148,0,0,0,0,0,0,0,0,0,0,0,0,0,0,0,0.0,0.0,0.0,0,0,0,0,0,445.52370224890046,1212.2276614063235,0.9768337235685718,0.4384186840529199,20,100.0,20,100.0,20,100.0,20,100.0,20,100.0,1.0,1.0,1.0,1.0,1.0
44,FFN_routed_expert4-Fwd-FFN-encoder-FFgate_up,"Mul(a=4x2048x384,b=4x2048x384,memory_placements=0_0_0,type=DT_BFLOAT16)",FFNroutedexpert4FwdFFNencoderFFgateuphgateup2hgate2hup1,VPU,15,Memory,4239,302,4239,0,0,0,0,0,0,0,0,0,302,0,0,12582912,"DT_BFLOAT16:[4,2048,384]","[DT_BFLOAT16:(4,2048,384)]",3145728,FFNroutedexpert4FwdFFNencoderFFgateuphgateup2hgate2hup1,Mul,0,[],Mul,,,,,0,,,,,0,302,12582912,None,0.0,0.0,None,0.0,0.0,None,0.0,0.0,None,0.0,0.0,None,0.0,0.0,356,0,0,0,0,0,0,0,0,0,0,0,0,0,0,0,0.0,0.0,0.0,0,0,0,0,0,0.7420920028308563,2764.5081387119603,0.07104894328573608,0.9998221116498952,20,100.0,20,100.0,20,100.0,20,100.0,20,100.0,1.0,1.0,1.0,1.0,1.0
45,FFN_routed_expert4-Fwd-FFN-encoder-FFoutput,"XlaEinsum(a=4x2048x384,b=384x5120,eq=BLH;HM->BLM,memory_placements=0_0_0,type=DT_BFLOAT16)",FFNroutedexpert4FwdFFNencoderFFoutputMatMulffdown2hgateup2WFFdown1,MXU,15,Compute,72302,72302,31699,0,0,0,0,0,0,0,0,72302,12047,0,0,94109696,"DT_BFLOAT16:[4,2048,384],DT_BFLOAT16:[384,5120]","[DT_BFLOAT16:(4,2048,5120)]",32212254720,FFNroutedexpert4FwdFFNencoderFFoutputMatMulffdown2hgateup2WFFdown1,Einsum,3932160,[],Einsum,"BLH,HM->BLM","[[4, 2048, 384], [384, 5120], [4, 2048, 5120]]",1,94109696,7680,1,8192,5120,384,0,72302,94109696,None,0.0,0.0,None,0.0,0.0,None,0.0,0.0,None,0.0,0.0,None,0.0,0.0,14148,0,0,0,0,0,0,0,0,0,0,0,0,0,0,0,0.0,0.0,0.0,0,0,0,0,0,445.52370224890046,1212.2276614063235,0.9768337235685718,0.4384186840529199,20,100.0,20,100.0,20,100.0,20,100.0,20,100.0,1.0,1.0,1.0,1.0,1.0
46,FFN_routed_expert5-Fwd-FFN-encoder-FFgate,"XlaEinsum(a=4x2048x5120,b=5120x384,eq=BLM;MH->BLH,memory_placements=0_0_0,type=DT_BFLOAT16)",FFNroutedexpert5FwdFFNencoderFFgateMatMulhgate2ynorm2WFFgate1,MXU,15,Compute,72302,72302,31699,0,0,0,0,0,0,0,0,72302,12047,0,0,94109696,"DT_BFLOAT16:[4,2048,5120],DT_BFLOAT16:[5120,384]","[DT_BFLOAT16:(4,2048,384)]",32212254720,FFNroutedexpert5FwdFFNencoderFFgateMatMulhgate2ynorm2WFFgate1,Einsum,3932160,[],Einsum,"BLM,MH->BLH","[[4, 2048, 5120], [5120, 384], [4, 2048, 384]]",1,23855104,7680,1,8192,384,5120,0,72302,94109696,None,0.0,0.0,None,0.0,0.0,None,0.0,0.0,None,0.0,0.0,None,0.0,0.0,14148,0,0,0,0,0,0,0,0,0,0,0,0,0,0,0,0.0,0.0,0.0,0,0,0,0,0,445.52370224890046,1212.2276614063235,0.9768337235685718,0.4384186840529199,20,100.0,20,100.0,20,100.0,20,100.0,20,100.0,1.0,1.0,1.0,1.0,1.0
47,FFN_routed_expert5-Fwd-FFN-encoder-FFup,"XlaEinsum(a=4x2048x5120,b=5120x384,eq=BLM;MH->BLH,memory_placements=0_0_0,type=DT_BFLOAT16)",FFNroutedexpert5FwdFFNencoderFFupMatMulhup2ynorm2WFFup1,MXU,15,Compute,72302,72302,31699,0,0,0,0,0,0,0,0,72302,12047,0,0,94109696,"DT_BFLOAT16:[4,2048,5120],DT_BFLOAT16:[5120,384]","[DT_BFLOAT16:(4,2048,384)]",32212254720,FFNroutedexpert5FwdFFNencoderFFupMatMulhup2ynorm2WFFup1,Einsum,3932160,[],Einsum,"BLM,MH->BLH","[[4, 2048, 5120], [5120, 384], [4, 2048, 384]]",1,23855104,7680,1,8192,384,5120,0,72302,94109696,None,0.0,0.0,None,0.0,0.0,None,0.0,0.0,None,0.0,0.0,None,0.0,0.0,14148,0,0,0,0,0,0,0,0,0,0,0,0,0,0,0,0.0,0.0,0.0,0,0,0,0,0,445.52370224890046,1212.2276614063235,0.9768337235685718,0.4384186840529199,20,100.0,20,100.0,20,100.0,20,100.0,20,100.0,1.0,1.0,1.0,1.0,1.0
48,FFN_routed_expert5-Fwd-FFN-encoder-FFgate_up,"Mul(a=4x2048x384,b=4x2048x384,memory_placements=0_0_0,type=DT_BFLOAT16)",FFNroutedexpert5FwdFFNencoderFFgateuphgateup2hgate2hup1,VPU,15,Memory,4239,302,4239,0,0,0,0,0,0,0,0,0,302,0,0,12582912,"DT_BFLOAT16:[4,2048,384]","[DT_BFLOAT16:(4,2048,384)]",3145728,FFNroutedexpert5FwdFFNencoderFFgateuphgateup2hgate2hup1,Mul,0,[],Mul,,,,,0,,,,,0,302,12582912,None,0.0,0.0,None,0.0,0.0,None,0.0,0.0,None,0.0,0.0,None,0.0,0.0,356,0,0,0,0,0,0,0,0,0,0,0,0,0,0,0,0.0,0.0,0.0,0,0,0,0,0,0.7420920028308563,2764.5081387119603,0.07104894328573608,0.9998221116498952,20,100.0,20,100.0,20,100.0,20,100.0,20,100.0,1.0,1.0,1.0,1.0,1.0
49,FFN_routed_expert5-Fwd-FFN-encoder-FFoutput,"XlaEinsum(a=4x2048x384,b=384x5120,eq=BLH;HM->BLM,memory_placements=0_0_0,type=DT_BFLOAT16)",FFNroutedexpert5FwdFFNencoderFFoutputMatMulffdown2hgateup2WFFdown1,MXU,15,Compute,72302,72302,31699,0,0,0,0,0,0,0,0,72302,12047,0,0,94109696,"DT_BFLOAT16:[4,2048,384],DT_BFLOAT16:[384,5120]","[DT_BFLOAT16:(4,2048,5120)]",32212254720,FFNroutedexpert5FwdFFNencoderFFoutputMatMulffdown2hgateup2WFFdown1,Einsum,3932160,[],Einsum,"BLH,HM->BLM","[[4, 2048, 384], [384, 5120], [4, 2048, 5120]]",1,94109696,7680,1,8192,5120,384,0,72302,94109696,None,0.0,0.0,None,0.0,0.0,None,0.0,0.0,None,0.0,0.0,None,0.0,0.0,14148,0,0,0,0,0,0,0,0,0,0,0,0,0,0,0,0.0,0.0,0.0,0,0,0,0,0,445.52370224890046,1212.2276614063235,0.9768337235685718,0.4384186840529199,20,100.0,20,100.0,20,100.0,20,100.0,20,100.0,1.0,1.0,1.0,1.0,1.0
50,FFN_shared_expert-Fwd-FFN-encoder-FFgate,"XlaEinsum(a=4x2048x5120,b=5120x768,eq=BLM;MH->BLH,memory_placements=0_0_0,type=DT_BFLOAT16)",FFNsharedexpertFwdFFNencoderFFgateMatMulhgate2ynorm2WFFgate1,MXU,15,Compute,144584,144584,35143,0,0,0,0,0,0,0,0,144584,24094,0,0,104333312,"DT_BFLOAT16:[4,2048,5120],DT_BFLOAT16:[5120,768]","[DT_BFLOAT16:(4,2048,768)]",64424509440,FFNsharedexpertFwdFFNencoderFFgateMatMulhgate2ynorm2WFFgate1,Einsum,7864320,[],Einsum,"BLM,MH->BLH","[[4, 2048, 5120], [5120, 768], [4, 2048, 768]]",1,30932992,15360,1,8192,768,5120,0,144584,104333312,None,0.0,0.0,None,0.0,0.0,None,0.0,0.0,None,0.0,0.0,None,0.0,0.0,26423,0,0,0,0,0,0,0,0,0,0,0,0,0,0,0,0.0,0.0,0.0,0,0,0,0,0,445.58533060366295,672.0520164748519,0.9769688469188137,0.2430567871518452,20,100.0,20,100.0,20,100.0,20,100.0,20,100.0,1.0,1.0,1.0,1.0,1.0
51,FFN_shared_expert-Fwd-FFN-encoder-FFup,"XlaEinsum(a=4x2048x5120,b=5120x768,eq=BLM;MH->BLH,memory_placements=0_0_0,type=DT_BFLOAT16)",FFNsharedexpertFwdFFNencoderFFupMatMulhup2ynorm2WFFup1,MXU,15,Compute,144584,144584,35143,0,0,0,0,0,0,0,0,144584,24094,0,0,104333312,"DT_BFLOAT16:[4,2048,5120],DT_BFLOAT16:[5120,768]","[DT_BFLOAT16:(4,2048,768)]",64424509440,FFNsharedexpertFwdFFNencoderFFupMatMulhup2ynorm2WFFup1,Einsum,7864320,[],Einsum,"BLM,MH->BLH","[[4, 2048, 5120], [5120, 768], [4, 2048, 768]]",1,30932992,15360,1,8192,768,5120,0,144584,104333312,None,0.0,0.0,None,0.0,0.0,None,0.0,0.0,None,0.0,0.0,None,0.0,0.0,26423,0,0,0,0,0,0,0,0,0,0,0,0,0,0,0,0.0,0.0,0.0,0,0,0,0,0,445.58533060366295,672.0520164748519,0.9769688469188137,0.2430567871518452,20,100.0,20,100.0,20,100.0,20,100.0,20,100.0,1.0,1.0,1.0,1.0,1.0
52,FFN_shared_expert-Fwd-FFN-encoder-FFgate_up,"Mul(a=4x2048x768,b=4x2048x768,memory_placements=0_0_0,type=DT_BFLOAT16)",FFNsharedexpertFwdFFNencoderFFgateuphgateup2hgate2hup1,VPU,15,Memory,8477,603,8477,0,0,0,0,0,0,0,0,0,603,0,0,25165824,"DT_BFLOAT16:[4,2048,768]","[DT_BFLOAT16:(4,2048,768)]",6291456,FFNsharedexpertFwdFFNencoderFFgateuphgateup2hgate2hup1,Mul,0,[],Mul,,,,,0,,,,,0,603,25165824,None,0.0,0.0,None,0.0,0.0,None,0.0,0.0,None,0.0,0.0,None,0.0,0.0,711,0,0,0,0,0,0,0,0,0,0,0,0,0,0,0,0.0,0.0,0.0,0,0,0,0,0,0.74217954465023,2764.8342574023827,0.07105732466396962,0.9999400569267207,20,100.0,20,100.0,20,100.0,20,100.0,20,100.0,1.0,1.0,1.0,1.0,1.0
53,FFN_shared_expert-Fwd-FFN-encoder-FFoutput,"XlaEinsum(a=4x2048x768,b=768x5120,eq=BLH;HM->BLM,memory_placements=0_0_0,type=DT_BFLOAT16)",FFNsharedexpertFwdFFNencoderFFoutputMatMulffdown2hgateup2WFFdown1,MXU,15,Compute,144584,144584,35143,0,0,0,0,0,0,0,0,144584,24094,0,0,104333312,"DT_BFLOAT16:[4,2048,768],DT_BFLOAT16:[768,5120]","[DT_BFLOAT16:(4,2048,5120)]",64424509440,FFNsharedexpertFwdFFNencoderFFoutputMatMulffdown2hgateup2WFFdown1,Einsum,7864320,[],Einsum,"BLH,HM->BLM","[[4, 2048, 768], [768, 5120], [4, 2048, 5120]]",1,104333312,15360,1,8192,5120,768,0,144584,104333312,None,0.0,0.0,None,0.0,0.0,None,0.0,0.0,None,0.0,0.0,None,0.0,0.0,26423,0,0,0,0,0,0,0,0,0,0,0,0,0,0,0,0.0,0.0,0.0,0,0,0,0,0,445.58533060366295,672.0520164748519,0.9769688469188137,0.2430567871518452,20,100.0,20,100.0,20,100.0,20,100.0,20,100.0,1.0,1.0,1.0,1.0,1.0
54,MoE_combine_weights,"XlaEinsum(a=4x2048x6x5120,b=4x2048x6,eq=BSEM;BSE->BSM,memory_placements=0_0_0,type=DT_BFLOAT16)",MoEcombineweightsMoEcombineweights,MXU,15,Memory,197818,64251,197818,0,0,0,0,0,0,0,0,0,64251,0,0,587300864,"DT_BFLOAT16:[4,2048,6,5120],DT_BFLOAT16:[4,2048,6]","[DT_BFLOAT16:(4,2048,5120)]",503316480,MoEcombineweightsMoEcombineweights,Einsum,98304,[],Einsum,"BSEM,BSE->BSM","[[1, 1, 1, 5120], [1, 1, 1], [1, 1, 5120]]",8192,71692,327680,8192,5120,1,6,0,64251,587300864,None,0.0,0.0,None,0.0,0.0,None,0.0,0.0,None,0.0,0.0,None,0.0,0.0,13091,0,0,0,0,0,0,0,0,0,0,0,0,0,0,0,0.0,0.0,0.0,0,0,0,0,0,2.544341162078274,2764.9989016893055,0.005578599385029332,0.9999996027809424,20,100.0,20,100.0,20,100.0,20,100.0,20,100.0,1.0,1.0,1.0,1.0,1.0
55,MoE_combine_output,"Add(a=4x2048x5120,b=4x2048x5120,memory_placements=0_0_0,type=DT_BFLOAT16)",MoEcombineoutputMoEcombineoutput,VPU,15,Memory,56510,4016,56510,0,0,0,0,0,0,0,0,0,4016,0,0,167772160,"DT_BFLOAT16:[4,2048,5120]","[DT_BFLOAT16:(4,2048,5120)]",41943040,MoEcombineoutputMoEcombineoutput,Add,0,[],Add,,,,,0,,,,,0,4016,167772160,None,0.0,0.0,None,0.0,0.0,None,0.0,0.0,None,0.0,0.0,None,0.0,0.0,4743,0,0,0,0,0,0,0,0,0,0,0,0,0,0,0,0.0,0.0,0.0,0,0,0,0,0,0.7422233233056096,2764.997345602548,0.07106151609467003,0.9999990400009215,20,100.0,20,100.0,20,100.0,20,100.0,20,100.0,1.0,1.0,1.0,1.0,1.0
56,Reduce and scatter results of MLP before residual,"ReduceScatter(['4', '2048', '5120']->['4', '2048', '1280'])",ReduceandscatterresultsofMLPbeforeresidualReduceScatterMLP56,VPU,15,ICI/NVLink,78644,7680,21192,78644,31457280,31457280,0,0,0,0,0,0,7680,0,0,62914560,"DT_BFLOAT16:[4,2048,5120]","[DT_BFLOAT16:(4,2048,1280)]",47185920,ReduceandscatterresultsofMLPbeforeresidualReduceScatterMLP56,ReduceScatter,0,[],ReduceScatter,,,,,0,,,,,0,7680,62914560,None,0.0,0.0,None,0.0,0.0,None,0.0,0.0,None,0.0,0.0,None,0.0,0.0,3322,0,0,0,0,0,0,0,0,0,0,0,0,0,0,0,0.0,0.0,0.0,0,0,0,0,0,0.5999938965464625,745.0504806469661,0.05744426858785831,0.2694576783533331,20,100.0,20,100.0,20,100.0,20,100.0,20,100.0,1.0,1.0,1.0,1.0,1.0
57,Fwd-FFN-encoder-AttnPlusFFn,"Add(a=4x2048x1280,b=4x2048x1280,memory_placements=0_0_0,type=DT_BFLOAT16)",FwdFFNencoderAttnPlusFFnattnPlusFFnAddBdLlMmhBdLlMmh,VPU,15,Memory,14128,1005,14128,0,0,0,0,0,0,0,0,0,1005,0,0,41943040,"DT_BFLOAT16:[4,2048,1280]","[DT_BFLOAT16:(4,2048,1280)]",10485760,FwdFFNencoderAttnPlusFFnattnPlusFFnAddBdLlMmhBdLlMmh,Add,0,[],Add,,,,,0,,,,,0,1005,41943040,None,0.0,0.0,None,0.0,0.0,None,0.0,0.0,None,0.0,0.0,None,0.0,0.0,1186,0,0,0,0,0,0,0,0,0,0,0,0,0,0,0,0.0,0.0,0.0,0,0,0,0,0,0.7421970554926387,2764.8994903737257,0.0710590011769147,0.9999636493214198,20,100.0,20,100.0,20,100.0,20,100.0,20,100.0,1.0,1.0,1.0,1.0,1.0
58,PrefillSendOutputToPipelineICI,"InterChipCommOutput([4, 2048, 1280])",PrefillSendOutputToPipelineICISendOutputICITransfer10485760,ICINoCompute,1,ICI/NVLink,104858,0,7064,104858,20971520,0,0,0,0,0,0,0,0,0,0,20971520,"DT_BFLOAT16:[4,2048,1280]","[DT_BFLOAT16:(4,2048,1280)]",0,PrefillSendOutputToPipelineICISendOutputICITransfer10485760,InterChipXferOutput,0,[],InterChipCommOutput,,,,,0,,,,,0,0,20971520,None,0.0,0.0,None,0.0,0.0,None,0.0,0.0,None,0.0,0.0,None,0.0,0.0,0,0,0,0,0,0,0,0,0,0,0,0,0,0,0,0,0.0,0.0,0.0,0,0,0,0,0,0.0,186.26380438307044,0.0,0.06736484787814483,20,100.0,20,100.0,20,100.0,20,100.0,20,100.0,1.0,1.0,1.0,1.0,1.0
